2.015999999999997978e-05 6.471000801644318959e-34
6.047999999999992239e-05 3.533542745281490844e-34
1.007999999999997938e-04 1.595763014944070962e-34
1.411199999999997873e-04 6.968469679582181669e-35
1.814399999999996994e-04 3.022900364397949810e-35
2.217599999999996928e-04 1.309965302214791917e-35
2.620799999999996049e-04 5.679860603941132233e-36
3.023999999999994900e-04 2.467380729336600931e-36
3.427199999999994834e-04 1.076626432193140002e-36
3.830399999999994226e-04 4.745382277683656161e-37
4.233599999999994160e-04 2.138704084885461815e-37
4.636799999999993011e-04 1.010056073614377044e-37
5.039999999999992403e-04 5.212573042570223388e-38
5.443199999999991795e-04 3.094550047993344758e-38
5.846399999999991187e-04 2.175683078620238114e-38
6.249599999999991664e-04 1.775959632133283952e-38
6.652799999999992140e-04 1.600997098808056074e-38
7.055999999999991532e-04 1.523353998377658930e-38
7.459199999999990924e-04 1.487858617496172942e-38
7.862399999999990317e-04 1.470625332935444047e-38
8.265599999999989709e-04 1.461312574758370992e-38
8.668799999999988017e-04 1.455442201043181120e-38
9.071999999999987409e-04 1.451074504405003067e-38
9.475199999999985717e-04 1.447368792561836942e-38
9.878399999999985109e-04 1.443960243691089968e-38
1.028159999999998016e-03 1.440690131965843937e-38
1.068479999999997956e-03 1.437489029634089940e-38
1.108799999999997895e-03 1.434326234193313016e-38
1.149119999999998051e-03 1.431187865437410913e-38
1.189439999999997990e-03 1.428067374433093079e-38
1.229759999999997929e-03 1.424961426187946085e-38
1.270079999999998085e-03 1.421868109045404887e-38
1.310399999999998025e-03 1.418786151709430018e-38
1.350719999999997964e-03 1.415714576844032917e-38
1.391039999999997903e-03 1.412652544088509061e-38
1.431359999999998059e-03 1.409599275654048881e-38
1.471679999999997998e-03 1.406554018601817103e-38
1.511999999999997938e-03 1.403516024603445901e-38
1.552319999999997010e-03 1.400484540097257079e-38
1.592639999999996949e-03 1.397458805947130906e-38
1.632959999999997105e-03 1.394438070018657028e-38
1.673279999999997044e-03 1.391421620735440914e-38
1.713599999999996983e-03 1.388408856453644909e-38
1.753919999999996055e-03 1.385399416577275051e-38
1.794239999999995994e-03 1.382393419093470080e-38
1.834559999999995934e-03 1.379391881241724944e-38
1.874879999999996957e-03 1.376397454896238053e-38
1.915199999999996029e-03 1.373415702313541118e-38
1.955519999999996185e-03 1.370457299309142977e-38
1.995839999999996124e-03 1.367541830033817890e-38
2.036159999999996063e-03 1.364704313490214882e-38
2.076479999999996003e-03 1.362006419859547921e-38
2.116799999999995942e-03 1.359555740894559100e-38
2.157119999999995881e-03 1.357538897148879007e-38
2.197439999999995820e-03 1.356278426035149976e-38
2.237759999999996193e-03 1.356330556928440054e-38
2.278079999999996132e-03 1.358653311086936041e-38
2.318399999999996072e-03 1.364895602440944986e-38
2.358719999999996011e-03 1.377894603499540113e-38
2.399039999999995950e-03 1.402531688735059051e-38
2.439359999999995022e-03 1.447205935865110906e-38
2.479679999999994961e-03 1.526371501082229005e-38
2.519999999999994900e-03 1.664908195633272083e-38
2.560319999999994840e-03 1.905651629204006092e-38
2.600639999999995212e-03 2.322370040998436874e-38
2.640959999999995152e-03 3.042132210098272791e-38
2.681279999999995091e-03 4.283869867619216178e-38
2.721599999999995030e-03 6.424870699130094725e-38
2.761919999999994969e-03 1.011544891800652933e-37
2.802239999999994041e-03 1.647672601765438098e-37
2.842559999999993980e-03 2.744179554682150121e-37
2.882879999999994787e-03 4.634427531759378377e-37
2.923199999999995160e-03 7.893371258126058633e-37
2.963519999999995099e-03 1.351275296189020959e-36
3.003839999999995038e-03 2.320339137363281082e-36
3.044159999999994110e-03 3.991678279881788155e-36
3.084479999999994049e-03 6.874514393183164023e-36
3.124799999999993989e-03 1.184744809055516025e-35
3.165119999999993061e-03 2.042644716576163076e-35
3.205439999999993000e-03 3.522726232127436148e-35
3.245759999999992939e-03 6.076330407653130573e-35
3.286079999999992878e-03 1.048222818801148013e-34
3.326399999999992817e-03 1.808412915082558048e-34
3.366719999999993190e-03 3.120042173444024812e-34
3.407039999999993130e-03 5.383098084272777578e-34
3.447359999999993936e-03 9.287630161296421166e-34
3.487679999999993875e-03 1.602400811425834137e-33
3.527999999999993815e-03 2.764549831756175031e-33
3.568319999999994187e-03 4.769341562001066687e-33
3.608639999999994127e-03 8.227484043729284937e-33
3.648959999999994066e-03 1.419202189769064935e-32
3.689279999999994005e-03 2.447846429490189940e-32
3.729599999999993944e-03 4.221637422713535187e-32
3.769919999999993884e-03 7.279959577769923039e-32
3.810239999999992955e-03 1.255229185712162893e-31
3.850559999999994196e-03 2.164005665013021050e-31
3.890879999999994135e-03 3.730191433014428111e-31
3.931199999999994074e-03 6.428925120773002649e-31
3.971519999999994013e-03 1.107844509687592980e-30
4.011839999999993953e-03 1.908768198562436162e-30
4.052159999999993892e-03 3.288251875166914684e-30
4.092479999999993831e-03 5.663982886994861796e-30
4.132799999999993770e-03 9.755212564238149981e-30
4.173119999999993709e-03 1.680082076123768051e-29
4.213439999999995383e-03 2.893585480960557993e-29
4.253759999999995323e-03 4.984321788677182168e-29
4.294079999999995262e-03 8.588584621097447340e-29
4.334399999999995201e-03 1.480858019194938091e-28
4.374719999999995140e-03 2.556184517765291914e-28
4.415039999999995080e-03 4.420802707684124618e-28
4.455359999999995886e-03 7.670118939217576248e-28
4.495679999999995825e-03 1.337869068981485957e-27
4.535999999999994030e-03 2.354082157997013026e-27
4.576319999999993969e-03 4.201207432552447125e-27
4.616639999999994776e-03 7.666967613440539592e-27
4.656959999999994715e-03 1.447302796556323133e-26
4.697279999999994654e-03 2.866667009477974205e-26
4.737599999999994593e-03 6.044413568746573716e-26
4.777919999999995400e-03 1.370435318829122084e-25
4.818239999999993604e-03 3.346288810094596795e-25
4.858559999999994411e-03 8.735923939379402062e-25
4.898879999999994350e-03 2.408498259660651027e-24
4.939199999999994289e-03 6.924808444460492706e-24
4.979519999999995963e-03 2.055829936148577083e-23
5.019839999999995903e-03 6.261371593586821556e-23
5.060159999999995842e-03 1.949441840017135967e-22
5.100479999999995781e-03 6.195045660617122217e-22
5.140799999999995720e-03 2.008670825961379098e-21
5.181119999999995659e-03 6.645604319071322061e-21
5.221439999999995599e-03 2.243458301869780864e-20
5.261759999999996405e-03 7.724336193507122391e-20
5.302079999999996344e-03 2.709380156927980221e-19
5.342399999999996284e-03 9.662490526171327993e-19
5.382719999999997090e-03 3.493299928304572813e-18
5.423039999999997030e-03 1.274915749886218049e-17
5.463359999999996969e-03 4.668951055589645252e-17
5.503679999999996908e-03 1.700874192506306944e-16
5.543999999999995980e-03 6.086586137107525598e-16
5.584319999999995052e-03 2.103267502118265094e-15
5.624639999999995858e-03 6.888518471672193073e-15
5.664959999999996665e-03 2.132663271020199050e-14
5.705279999999996604e-03 6.616549146084912789e-14
5.745599999999997411e-03 2.299153272990458936e-13
5.785919999999997350e-03 8.729173124326113806e-13
5.826239999999997289e-03 3.267402285378094017e-12
5.866559999999997228e-03 8.079616030960052788e-12
5.906879999999997168e-03 1.551858269534638956e-11
5.947199999999997107e-03 2.583110379399023905e-11
5.987519999999997046e-03 3.459780963867865944e-11
6.027839999999996985e-03 4.182649106597537919e-11
6.068159999999996924e-03 4.833143011450371159e-11
6.108479999999996864e-03 5.239535406461471714e-11
6.148799999999996803e-03 5.506580451562703965e-11
6.189119999999995875e-03 5.673070923699846710e-11
6.229439999999995814e-03 5.809714953906183132e-11
6.269759999999996621e-03 5.859170261144918328e-11
6.310079999999997427e-03 5.888560395688323492e-11
6.350399999999997366e-03 5.864771429068160479e-11
6.390719999999997306e-03 5.830982288862687534e-11
6.431039999999997245e-03 5.781705371141468777e-11
6.471359999999997184e-03 5.718035355788760217e-11
6.511679999999998858e-03 5.642138701146872677e-11
6.551999999999998797e-03 5.556268809888544270e-11
6.592319999999997869e-03 5.462438477669766852e-11
6.632639999999996941e-03 5.362372500936768119e-11
6.672959999999996880e-03 5.257534158525571251e-11
6.713279999999996819e-03 5.149163939711561247e-11
6.753599999999996759e-03 5.038315932586395014e-11
6.793919999999996698e-03 4.925889556825463890e-11
6.834239999999998372e-03 4.812657585910663687e-11
6.874559999999998311e-03 4.699292143619970851e-11
6.914879999999998250e-03 4.586389520837222147e-11
6.955199999999997322e-03 4.474488524642787836e-11
6.995519999999996394e-03 4.364043891733722294e-11
7.035839999999996333e-03 4.255289222959068692e-11
7.076159999999996272e-03 4.146980614996231116e-11
7.116479999999996212e-03 4.043968459934450807e-11
7.156799999999997018e-03 3.938503425710153971e-11
7.197119999999997825e-03 3.836470292144220285e-11
7.237439999999997764e-03 3.737052450008201201e-11
7.277759999999998571e-03 3.640076291222896319e-11
7.318079999999999377e-03 3.545539324761145247e-11
7.358399999999999316e-03 3.453464483244634239e-11
7.398719999999998388e-03 3.363867251424032694e-11
7.439039999999996593e-03 3.276749717237060029e-11
7.479359999999997399e-03 3.192101220931442929e-11
7.519679999999998206e-03 3.109900299457721795e-11
7.559999999999997278e-03 3.030116620755209038e-11
7.600319999999997217e-03 2.952712654922958874e-11
7.640639999999997156e-03 2.877645080763590082e-11
7.680959999999997095e-03 2.804865970918621995e-11
7.721279999999996167e-03 2.734323796567484900e-11
7.761599999999995239e-03 2.665964283617455869e-11
7.801919999999995178e-03 2.599731144927407919e-11
7.842239999999996852e-03 2.535566707972838154e-11
7.882559999999996792e-03 2.473412452753917005e-11
7.922879999999998465e-03 2.413209464002094870e-11
7.963199999999998405e-03 2.354898781619897132e-11
8.003520000000000079e-03 2.298421377863883984e-11
8.043840000000000018e-03 2.243720505289581982e-11
8.084159999999999957e-03 2.190739849681311147e-11
8.124479999999999896e-03 2.139422685547663885e-11
8.164799999999999836e-03 2.089713638619034074e-11
8.205119999999998040e-03 2.041558628176648092e-11
8.245439999999997979e-03 1.994904880527283032e-11
8.285759999999999653e-03 1.949700853780745866e-11
8.326080000000001327e-03 1.905895679005693883e-11
8.366399999999999532e-03 1.863436853805877005e-11
8.406719999999999471e-03 1.822261383721894906e-11
8.447039999999999410e-03 1.782363039056003863e-11
8.487359999999999349e-03 1.743683581972339050e-11
8.527679999999999289e-03 1.706175763361634910e-11
8.567999999999999228e-03 1.669796988597277026e-11
8.608319999999997432e-03 1.634507052391571873e-11
8.648639999999997371e-03 1.600267385424552096e-11
8.688959999999997311e-03 1.567040807515212022e-11
8.729279999999997250e-03 1.534791442882983120e-11
8.769599999999997189e-03 1.503484682230641971e-11
8.809919999999998863e-03 1.473087155491759955e-11
8.850239999999998802e-03 1.443566705516305977e-11
8.890559999999998742e-03 1.414892361194406952e-11
8.930879999999998681e-03 1.387034310558113039e-11
8.971199999999998620e-03 1.359963874002245060e-11
9.011519999999998559e-03 1.333653475412205974e-11
9.051839999999998498e-03 1.308076604524660939e-11
9.092159999999998438e-03 1.283207761577326942e-11
9.132479999999998377e-03 1.259022397450300937e-11
9.172799999999998316e-03 1.235496973735258056e-11
9.213119999999996521e-03 1.212609577792477997e-11
9.253439999999996460e-03 1.190341979996627024e-11
9.293759999999996399e-03 1.168683297086027960e-11
9.334079999999996338e-03 1.147627281451355021e-11
9.374399999999996277e-03 1.127135670445149010e-11
9.414719999999996217e-03 1.106943691750778977e-11
9.455039999999997891e-03 1.088800072761912935e-11
9.495359999999997830e-03 1.069944097613074020e-11
9.535679999999997769e-03 1.052647539022918020e-11
9.575999999999997708e-03 1.034484287641271929e-11
9.616319999999997647e-03 1.016910677074254928e-11
9.656639999999997587e-03 9.997663754767166045e-12
9.696959999999997526e-03 9.830522815076977001e-12
9.737279999999997465e-03 9.667367387297815672e-12
9.777599999999997404e-03 9.507762658356870610e-12
9.817919999999997344e-03 9.350949232770036883e-12
9.858239999999997283e-03 9.210521580623787239e-12
9.898559999999998957e-03 9.064043758692219422e-12
9.938879999999998896e-03 8.920775294558642750e-12
9.979199999999998835e-03 8.780812345918596918e-12
1.001952000000000051e-02 8.644042303611292139e-12
1.005984000000000045e-02 8.510365450519061504e-12
1.010015999999998998e-02 8.379694022662997991e-12
1.014047999999998992e-02 8.251945037355241126e-12
1.018079999999998986e-02 8.127036762404247606e-12
1.022111999999998980e-02 8.004886147218580585e-12
1.026143999999998974e-02 7.885424945879577663e-12
1.030175999999998968e-02 7.768587676151546071e-12
1.034207999999998961e-02 7.654294661624942632e-12
1.038239999999998955e-02 7.542469340837177677e-12
1.042271999999998949e-02 7.433037827512160806e-12
1.046303999999998943e-02 7.325928664929544672e-12
1.050335999999998937e-02 7.221072768507103976e-12
1.054367999999998931e-02 7.118403406127940967e-12
1.058399999999998925e-02 7.017856175715737776e-12
1.062431999999998919e-02 6.919368971491566387e-12
1.066463999999999086e-02 6.822881939876253632e-12
1.070495999999999080e-02 6.728337428077757824e-12
1.074527999999999074e-02 6.635679928298250831e-12
1.078559999999999935e-02 6.544856020063277225e-12
1.082591999999999929e-02 6.455814312954183346e-12
1.086623999999999056e-02 6.368505392071807915e-12
1.090655999999999050e-02 6.282881768816013288e-12
1.094687999999999044e-02 6.198897839950715764e-12
1.098720000000000079e-02 6.116509857933216695e-12
1.102751999999999032e-02 6.035675913551766257e-12
1.106783999999999026e-02 5.956355928275478056e-12
1.110815999999999019e-02 5.878511669019947358e-12
1.114847999999999013e-02 5.802106929170188290e-12
1.118879999999999007e-02 5.727108564982000056e-12
1.122911999999999001e-02 5.653490779246675814e-12
1.126943999999998995e-02 5.581248797187468370e-12
1.130975999999998989e-02 5.510424110010571887e-12
1.135007999999998983e-02 5.441082543228488604e-12
1.139039999999998977e-02 5.372449743082158938e-12
1.143071999999998971e-02 5.310347245988002690e-12
1.147103999999998965e-02 5.245352170191335055e-12
1.151135999999997918e-02 5.184621197209337841e-12
1.155167999999998085e-02 5.125257342956389870e-12
1.159199999999998947e-02 5.062443018924791090e-12
1.163231999999998940e-02 5.000497335087742239e-12
1.167263999999998067e-02 4.939618521117496797e-12
1.171295999999998061e-02 4.879747427000417375e-12
1.175327999999998922e-02 4.820864334686771861e-12
1.179359999999998916e-02 4.762945792309582306e-12
1.183391999999998043e-02 4.705975481977589080e-12
1.187423999999998037e-02 4.649937871007760863e-12
1.191455999999999071e-02 4.594816437189904173e-12
1.195487999999999065e-02 4.540593687110154230e-12
1.199519999999998018e-02 4.487251584592522344e-12
1.203551999999998012e-02 4.434771944888896645e-12
1.207583999999998006e-02 4.383136710980183621e-12
1.211615999999998000e-02 4.332328148493224398e-12
1.215647999999997994e-02 4.282329028483385022e-12
1.219679999999999029e-02 4.233122861753241373e-12
1.223711999999999023e-02 4.184694172955627964e-12
1.227743999999999017e-02 4.137028563972269784e-12
1.231775999999999011e-02 4.090111800604363335e-12
1.235807999999999005e-02 4.043926189357376648e-12
1.239839999999997958e-02 3.998439632145401671e-12
1.243871999999997952e-02 3.953589203319250284e-12
1.247903999999998986e-02 3.909111063573023192e-12
1.251935999999998980e-02 3.869232056460706731e-12
1.255967999999998974e-02 3.827054433413885366e-12
1.259999999999998968e-02 3.785162561594599387e-12
1.264031999999998962e-02 3.743732260282585188e-12
1.268063999999998956e-02 3.702796095483634351e-12
1.272095999999998950e-02 3.662204587472202317e-12
1.276127999999998076e-02 3.625853331026319991e-12
1.280159999999998938e-02 3.587252456850931055e-12
1.284191999999998064e-02 3.549072838523608103e-12
1.288223999999998058e-02 3.511358656994296879e-12
1.292255999999998052e-02 3.474217669091194817e-12
1.296287999999998046e-02 3.437644675947020983e-12
1.300319999999998040e-02 3.401633322204588980e-12
1.304351999999998034e-02 3.366177459023846026e-12
1.308383999999998028e-02 3.331271015027357041e-12
1.312415999999998022e-02 3.296907860750302082e-12
1.316447999999998016e-02 3.263081509408682194e-12
1.320479999999998010e-02 3.229784393766394078e-12
1.324511999999998003e-02 3.197005907161484156e-12
1.328543999999997997e-02 3.164727815053084010e-12
1.332575999999997991e-02 3.132915002747151920e-12
1.336607999999997985e-02 3.101510038839920915e-12
1.340639999999997979e-02 3.070356829467653016e-12
1.344671999999997973e-02 3.042524337944256901e-12
1.348703999999997967e-02 3.013114456502123095e-12
1.352735999999997961e-02 2.985391498253426839e-12
1.356767999999997955e-02 2.957507762182741003e-12
1.360799999999997949e-02 2.930363833712994126e-12
1.364831999999997943e-02 2.901851651410577954e-12
1.368863999999997937e-02 2.873781052891521003e-12
1.372895999999997931e-02 2.846001719976251812e-12
1.376927999999997924e-02 2.818556320731666005e-12
1.380959999999997918e-02 2.791513168461457853e-12
1.384991999999998086e-02 2.764858993306054850e-12
1.389023999999998080e-02 2.738590984908950951e-12
1.393055999999998074e-02 2.712707370320126890e-12
1.397087999999998068e-02 2.687202228059256988e-12
1.401119999999998061e-02 2.662066659465085114e-12
1.405151999999998055e-02 2.637290719002629940e-12
1.409183999999998049e-02 2.612864583976183185e-12
1.413215999999998043e-02 2.588779043401667150e-12
1.417247999999998037e-02 2.565025631125561147e-12
1.421279999999998031e-02 2.541596616672377828e-12
1.425311999999998025e-02 2.518484951103429875e-12
1.429343999999999060e-02 2.495684202008813899e-12
1.433375999999999054e-02 2.473188485173402078e-12
1.437407999999998007e-02 2.450992391836771843e-12
1.441439999999998001e-02 2.429090909654704906e-12
1.445471999999997995e-02 2.407479337715403989e-12
1.449503999999999029e-02 2.386153198921188980e-12
1.453535999999997982e-02 2.365108155419243035e-12
1.457567999999997976e-02 2.344339933856657192e-12
1.461599999999997970e-02 2.323844266821592144e-12
1.465631999999997964e-02 2.303616855089692021e-12
1.469663999999998999e-02 2.283653352696249918e-12
1.473695999999998993e-02 2.263949374017611854e-12
1.477727999999998987e-02 2.244500519565533921e-12
1.481759999999998981e-02 2.225302415505250965e-12
1.485791999999997934e-02 2.206350761189973930e-12
1.489823999999997928e-02 2.187641379218506965e-12
1.493855999999997922e-02 2.169170263495359886e-12
1.497887999999997916e-02 2.150933622376150055e-12
1.501919999999998083e-02 2.132927916367398021e-12
1.505951999999998077e-02 2.115149893801030004e-12
1.509983999999998071e-02 2.097596635548577887e-12
1.514015999999998065e-02 2.080265636143279893e-12
1.518047999999998059e-02 2.063154982761340967e-12
1.522079999999998053e-02 2.046263751634071017e-12
1.526111999999998046e-02 2.029592785129812942e-12
1.530143999999998040e-02 2.013145840582542049e-12
1.534175999999998034e-02 1.996930210949587848e-12
1.538207999999998028e-02 1.980953580330330056e-12
1.542239999999999063e-02 1.965215448187939881e-12
1.546271999999999057e-02 1.949652053314687046e-12
1.550303999999998010e-02 1.935725548042303938e-12
1.554335999999998004e-02 1.920934677883778047e-12
1.558367999999997998e-02 1.906343980322288882e-12
1.562399999999997992e-02 1.892047227126782949e-12
1.566431999999998159e-02 1.878066822202177172e-12
1.570463999999998153e-02 1.864429180330991934e-12
1.574495999999998147e-02 1.851184226730874028e-12
1.578527999999998141e-02 1.838782624839652035e-12
1.582559999999998135e-02 1.827189085659010078e-12
1.586591999999998129e-02 1.816722378154652100e-12
1.590623999999998123e-02 1.807046641483547074e-12
1.594655999999998117e-02 1.797609245066347902e-12
1.598687999999998111e-02 1.789371117132753979e-12
1.602719999999998104e-02 1.782584197315493026e-12
1.606751999999998098e-02 1.777591028256837958e-12
1.610783999999998092e-02 1.774829692574565087e-12
