2.015999999999997978e-05 7.738080693912093085e-18
6.047999999999992239e-05 7.738080709356493547e-18
1.007999999999997938e-04 7.738080723187246671e-18
1.411199999999997873e-04 7.738080735494096172e-18
1.814399999999996994e-04 7.738080746407492217e-18
2.217599999999996928e-04 7.738080756033693754e-18
2.620799999999996049e-04 7.738080764445447009e-18
3.023999999999994900e-04 7.738080771675349501e-18
3.427199999999994834e-04 7.738080777705929195e-18
3.830399999999994226e-04 7.738080782455392616e-18
4.233599999999994160e-04 7.738080785756311741e-18
4.636799999999993011e-04 7.738080787326955373e-18
5.039999999999992403e-04 7.738080786730308439e-18
5.443199999999991795e-04 7.738080783317722356e-18
5.846399999999991187e-04 7.738080776152239909e-18
6.249599999999991664e-04 7.738080763904118946e-18
6.652799999999992140e-04 7.738080744709840438e-18
7.055999999999991532e-04 7.738080715983738663e-18
7.459199999999990924e-04 7.738080674165451706e-18
7.862399999999990317e-04 7.738080614386438206e-18
8.265599999999989709e-04 7.738080530028242992e-18
8.668799999999988017e-04 7.738080412143351455e-18
9.071999999999987409e-04 7.738080248696769119e-18
9.475199999999985717e-04 7.738080023580483235e-18
9.878399999999985109e-04 7.738079715336663668e-18
1.028159999999998016e-03 7.738079295512470370e-18
1.068479999999997956e-03 7.738078726549585448e-18
1.108799999999997895e-03 7.738077959088900405e-18
1.149119999999998051e-03 7.738076928545778202e-18
1.189439999999997990e-03 7.738075550777659986e-18
1.229759999999997929e-03 7.738073716628589648e-18
1.270079999999998085e-03 7.738071285092268830e-18
1.310399999999998025e-03 7.738068074781590888e-18
1.350719999999997964e-03 7.738063853337610085e-18
1.391039999999997903e-03 7.738058324338897153e-18
1.431359999999998059e-03 7.738051111197040975e-18
1.471679999999997998e-03 7.738041737438677372e-18
1.511999999999997938e-03 7.738029602677436125e-18
1.552319999999997010e-03 7.738013953469448635e-18
1.592639999999996949e-03 7.737993848136009465e-18
1.632959999999997105e-03 7.737968114507081764e-18
1.673279999999997044e-03 7.737935299407509033e-18
1.713599999999996983e-03 7.737893608570834282e-18
1.753919999999996055e-03 7.737840835520930251e-18
1.794239999999995994e-03 7.737774277819016128e-18
1.834559999999995934e-03 7.737690638936479172e-18
1.874879999999996957e-03 7.737585913881169172e-18
1.915199999999996029e-03 7.737455256591343983e-18
1.955519999999996185e-03 7.737292827015930611e-18
1.995839999999996124e-03 7.737091615736954776e-18
2.036159999999996063e-03 7.736843243964725269e-18
2.076479999999996003e-03 7.736537736759707792e-18
2.116799999999995942e-03 7.736163267418896515e-18
2.157119999999995881e-03 7.735705871117464288e-18
2.197439999999995820e-03 7.735149126132528329e-18
2.237759999999996193e-03 7.734473801305464134e-18
2.278079999999996132e-03 7.733657468836027464e-18
2.318399999999996072e-03 7.732674082047805799e-18
2.358719999999996011e-03 7.731493518443894730e-18
2.399039999999995950e-03 7.730081089183435718e-18
2.439359999999995022e-03 7.728397017067689343e-18
2.479679999999994961e-03 7.726395886248697611e-18
2.519999999999994900e-03 7.724026068188116192e-18
2.560319999999994840e-03 7.721229129959561595e-18
2.600639999999995212e-03 7.717939232927721187e-18
2.640959999999995152e-03 7.714082532406562863e-18
2.681279999999995091e-03 7.709576592632696779e-18
2.721599999999995030e-03 7.704329837392145413e-18
2.761919999999994969e-03 7.698241067171488750e-18
2.802239999999994041e-03 7.691199093384848650e-18
2.842559999999993980e-03 7.683082578447613706e-18
2.882879999999994787e-03 7.673760246315017801e-18
2.923199999999995160e-03 7.663091780302867806e-18
2.963519999999995099e-03 7.650930032127596668e-18
3.003839999999995038e-03 7.637125787486872178e-18
3.044159999999994110e-03 7.621537592285121061e-18
3.084479999999994049e-03 7.604051695117327027e-18
3.124799999999993989e-03 7.584622334862247282e-18
3.165119999999993061e-03 7.563353092571285685e-18
3.205439999999993000e-03 7.540661300942411948e-18
3.245759999999992939e-03 7.517610650162398346e-18
3.286079999999992878e-03 7.496584634289765298e-18
3.326399999999992817e-03 7.482650960014907440e-18
3.366719999999993190e-03 7.486327002037690019e-18
3.407039999999993130e-03 7.529186468543525455e-18
3.447359999999993936e-03 7.655228174338670771e-18
3.487679999999993875e-03 7.953930941554280827e-18
3.527999999999993815e-03 8.607009140413778266e-18
3.568319999999994187e-03 9.983234597703896212e-18
3.608639999999994127e-03 1.283073664374478019e-17
3.648959999999994066e-03 1.866697699776724148e-17
3.689279999999994005e-03 3.056956146517010294e-17
3.729599999999993944e-03 5.477978797461674714e-17
3.769919999999993884e-03 1.039539448280317963e-16
3.810239999999992955e-03 2.037549152673379943e-16
3.850559999999994196e-03 4.062143933905491147e-16
3.890879999999994135e-03 8.168168493829968836e-16
3.931199999999994074e-03 1.649388589623567038e-15
3.971519999999994013e-03 3.337320218715420009e-15
4.011839999999993953e-03 6.758900214523513221e-15
4.052159999999993892e-03 1.369375089894864044e-14
4.092479999999993831e-03 2.774720473101028002e-14
4.132799999999993770e-03 5.622196874197048755e-14
4.173119999999993709e-03 1.139070308665041886e-13
4.213439999999995383e-03 2.307460533946314910e-13
4.253759999999995323e-03 4.673540724590170286e-13
4.294079999999995262e-03 9.464081799181670813e-13
4.334399999999995201e-03 1.916138655096617183e-12
4.374719999999995140e-03 3.878722598087873203e-12
4.415039999999995080e-03 7.849882335904851060e-12
4.455359999999995886e-03 1.588369470672548046e-11
4.495679999999995825e-03 3.213344962934983260e-11
4.535999999999994030e-03 6.499596176867345234e-11
4.576319999999993969e-03 1.314458079349085947e-10
4.616639999999994776e-03 2.657963171912463960e-10
4.656959999999994715e-03 5.374100969078608748e-10
4.697279999999994654e-03 1.086506164449208949e-09
4.737599999999994593e-03 2.196568280518448048e-09
4.777919999999995400e-03 4.440801195948406679e-09
4.818239999999993604e-03 8.978439273304314530e-09
4.858559999999994411e-03 1.815441431574493928e-08
4.898879999999994350e-03 3.671334663639562988e-08
4.939199999999994289e-03 7.425798936631080859e-08
4.979519999999995963e-03 1.502293356798979007e-07
5.019839999999995903e-03 3.039975586242967977e-07
5.060159999999995842e-03 6.153124291105882432e-07
5.100479999999995781e-03 1.245749545908119096e-06
5.140799999999995720e-03 2.522688915188728815e-06
5.181119999999995659e-03 5.109359978203697904e-06
5.221439999999995599e-03 1.034867807672729997e-05
5.261759999999996405e-03 2.095665338003291941e-05
5.302079999999996344e-03 4.241409349502115041e-05
5.342399999999996284e-03 8.573619821983173681e-05
5.382719999999997090e-03 1.729024707978861963e-04
5.423039999999997030e-03 3.472248563519865906e-04
5.463359999999996969e-03 6.922324800504851307e-04
5.503679999999996908e-03 1.363214860755147025e-03
5.543999999999995980e-03 2.631704991773245027e-03
5.584319999999995052e-03 4.927405593394413620e-03
5.624639999999995858e-03 8.830883658049227397e-03
5.664959999999996665e-03 1.494645258320585930e-02
5.705279999999996604e-03 2.360312319904147096e-02
5.745599999999997411e-03 3.445529457854584754e-02
5.785919999999997350e-03 4.658540251927933279e-02
5.826239999999997289e-03 6.140301322974189152e-02
5.866559999999997228e-03 7.419880529373530653e-02
5.906879999999997168e-03 8.571761534124738846e-02
5.947199999999997107e-03 9.684960381280850739e-02
5.987519999999997046e-03 1.042294528152512001e-01
6.027839999999996985e-03 1.095067724222748978e-01
6.068159999999996924e-03 1.137369678388962940e-01
6.108479999999996864e-03 1.163892797479915003e-01
6.148799999999996803e-03 1.182816226847293040e-01
6.189119999999995875e-03 1.196590204771511984e-01
6.229439999999995814e-03 1.208359644877461947e-01
6.269759999999996621e-03 1.216539569864022036e-01
6.310079999999997427e-03 1.223912562092522999e-01
6.350399999999997366e-03 1.229325727140413993e-01
6.390719999999997306e-03 1.234395079909529069e-01
6.431039999999997245e-03 1.238757323189340065e-01
6.471359999999997184e-03 1.242569697697190056e-01
6.511679999999998858e-03 1.245930748990139031e-01
6.551999999999998797e-03 1.248917496552190004e-01
6.592319999999997869e-03 1.251588964892232092e-01
6.632639999999996941e-03 1.253991489756370870e-01
6.672959999999996880e-03 1.256162226415424021e-01
6.713279999999996819e-03 1.258131533718568895e-01
6.753599999999996759e-03 1.259924626987924123e-01
6.793919999999996698e-03 1.261562751560159901e-01
6.834239999999998372e-03 1.263064039875489986e-01
6.874559999999998311e-03 1.264444158383286887e-01
6.914879999999998250e-03 1.265716815595419875e-01
6.955199999999997322e-03 1.266894177096473117e-01
6.995519999999996394e-03 1.267987248865362071e-01
7.035839999999996333e-03 1.269004684995667931e-01
7.076159999999996272e-03 1.269959528091482992e-01
7.116479999999996212e-03 1.270734484044200030e-01
7.156799999999997018e-03 1.271537308407288125e-01
7.197119999999997825e-03 1.272287271277481036e-01
7.237439999999997764e-03 1.272988799009097949e-01
7.277759999999998571e-03 1.273646111990409946e-01
7.318079999999999377e-03 1.274262876602179906e-01
7.358399999999999316e-03 1.274842400384798013e-01
7.398719999999998388e-03 1.275387676820557981e-01
7.439039999999996593e-03 1.275901417766648061e-01
7.479359999999997399e-03 1.276386082221689922e-01
7.519679999999998206e-03 1.276843902404393993e-01
7.559999999999997278e-03 1.277276907350818058e-01
7.600319999999997217e-03 1.277686944148286874e-01
7.640639999999997156e-03 1.278075696954084906e-01
7.680959999999997095e-03 1.278444703975878949e-01
7.721279999999996167e-03 1.278795372602785918e-01
7.761599999999995239e-03 1.279128992874687121e-01
7.801919999999995178e-03 1.279446749468433064e-01
7.842239999999996852e-03 1.279749732367319870e-01
7.882559999999996792e-03 1.280038946366653108e-01
7.922879999999998465e-03 1.280315319562352061e-01
7.963199999999998405e-03 1.280579710860469955e-01
8.003520000000000079e-03 1.280832917439927998e-01
8.043840000000000018e-03 1.281075661225523910e-01
8.084159999999999957e-03 1.281308613512338879e-01
8.124479999999999896e-03 1.281532410859551052e-01
8.164799999999999836e-03 1.281747646472758961e-01
8.205119999999998040e-03 1.281954873793970107e-01
8.245439999999997979e-03 1.282154609922704080e-01
8.285759999999999653e-03 1.282347338708869078e-01
8.326080000000001327e-03 1.282533513646063050e-01
8.366399999999999532e-03 1.282713560511637985e-01
8.406719999999999471e-03 1.282887882259116930e-01
8.447039999999999410e-03 1.283056841440743945e-01
8.487359999999999349e-03 1.283220790153568047e-01
8.527679999999999289e-03 1.283380059763239989e-01
8.567999999999999228e-03 1.283534961279906017e-01
8.608319999999997432e-03 1.283685786890078895e-01
8.648639999999997371e-03 1.283832811216494008e-01
8.688959999999997311e-03 1.283976292399436892e-01
8.729279999999997250e-03 1.284116473029283112e-01
8.769599999999997189e-03 1.284253580950812101e-01
8.809919999999998863e-03 1.284387829953566873e-01
8.850239999999998802e-03 1.284519420358722908e-01
8.890559999999998742e-03 1.284648539510852006e-01
8.930879999999998681e-03 1.284775362178240121e-01
8.971199999999998620e-03 1.284900050845320107e-01
9.011519999999998559e-03 1.285022755831745078e-01
9.051839999999998498e-03 1.285143615117871896e-01
9.092159999999998438e-03 1.285262753848742112e-01
9.132479999999998377e-03 1.285380284076420021e-01
9.172799999999998316e-03 1.285496306592026072e-01
9.213119999999996521e-03 1.285610917134762110e-01
9.253439999999996460e-03 1.285724211553168073e-01
9.293759999999996399e-03 1.285836252526288137e-01
9.334079999999996338e-03 1.285946918056860011e-01
9.374399999999996277e-03 1.286055709948815962e-01
9.414719999999996217e-03 1.286163464352174934e-01
9.455039999999997891e-03 1.286257867714236114e-01
9.495359999999997830e-03 1.286361812689686135e-01
9.535679999999997769e-03 1.286456897574211056e-01
9.575999999999997708e-03 1.286561809037966020e-01
9.616319999999997647e-03 1.286664953536436895e-01
9.656639999999997587e-03 1.286767472840971982e-01
9.696959999999997526e-03 1.286869439781782032e-01
9.737279999999997465e-03 1.286971120709806127e-01
9.777599999999997404e-03 1.287072752013369015e-01
9.817919999999997344e-03 1.287174435067618972e-01
9.858239999999997283e-03 1.287262825782045927e-01
9.898559999999998957e-03 1.287358956829605106e-01
9.938879999999998896e-03 1.287455017877736918e-01
9.979199999999998835e-03 1.287550550570956132e-01
1.001952000000000051e-02 1.287645414403559008e-01
1.005984000000000045e-02 1.287739529828988982e-01
1.010015999999998998e-02 1.287832837715464918e-01
1.014047999999998992e-02 1.287925286340775022e-01
1.018079999999998986e-02 1.288016826436541862e-01
1.022111999999998980e-02 1.288107410283957088e-01
1.026143999999998974e-02 1.288196972350257041e-01
1.030175999999998968e-02 1.288285442306807971e-01
1.034207999999998961e-02 1.288372766042442941e-01
1.038239999999998955e-02 1.288458887982212031e-01
1.042271999999998949e-02 1.288543751198452103e-01
1.046303999999998943e-02 1.288627297846028918e-01
1.050335999999998937e-02 1.288709469572401900e-01
1.054367999999998931e-02 1.288790207922964060e-01
1.058399999999998925e-02 1.288869454741141951e-01
1.062431999999998919e-02 1.288947152561165932e-01
1.066463999999999086e-02 1.289023244991225059e-01
1.070495999999999080e-02 1.289097677084704019e-01
1.074527999999999074e-02 1.289170395697608051e-01
1.078559999999999935e-02 1.289241349830929917e-01
1.082591999999999929e-02 1.289310490957522870e-01
1.086623999999999056e-02 1.289377773334068056e-01
1.090655999999999050e-02 1.289443154299765026e-01
1.094687999999999044e-02 1.289506594563837039e-01
1.098720000000000079e-02 1.289568058480786983e-01
1.102751999999999032e-02 1.289627514300714928e-01
1.106783999999999026e-02 1.289684934375316117e-01
1.110815999999999019e-02 1.289740295388495939e-01
1.114847999999999013e-02 1.289793579052649908e-01
1.118879999999999007e-02 1.289844774192457910e-01
1.122911999999999001e-02 1.289893879370810070e-01
1.126943999999998995e-02 1.289940893986790960e-01
1.130975999999998989e-02 1.289985760769790935e-01
1.135007999999998983e-02 1.290028236415942109e-01
1.139039999999998977e-02 1.290068528846199103e-01
1.143071999999998971e-02 1.290103094335814937e-01
1.147103999999998965e-02 1.290138671496638134e-01
1.151135999999997918e-02 1.290169969092216096e-01
1.155167999999998085e-02 1.290199354034206047e-01
1.159199999999998947e-02 1.290229947233360874e-01
1.163231999999998940e-02 1.290258846188548914e-01
1.167263999999998067e-02 1.290285861403142886e-01
1.171295999999998061e-02 1.290311031644451878e-01
1.175327999999998922e-02 1.290334393736378982e-01
1.179359999999998916e-02 1.290355995071841011e-01
1.183391999999998043e-02 1.290375883776664900e-01
1.187423999999998037e-02 1.290394110547654904e-01
1.191455999999999071e-02 1.290410728773954963e-01
1.195487999999999065e-02 1.290425794189158926e-01
1.199519999999998018e-02 1.290439364530706901e-01
1.203551999999998012e-02 1.290451499249853085e-01
1.207583999999998006e-02 1.290462259238580878e-01
1.211615999999998000e-02 1.290471706553454889e-01
1.215647999999997994e-02 1.290479904132660893e-01
1.219679999999999029e-02 1.290486915510898058e-01
1.223711999999999023e-02 1.290492804544710881e-01
1.227743999999999017e-02 1.290497635167653090e-01
1.231775999999999011e-02 1.290501471179049120e-01
1.235807999999999005e-02 1.290504376011473997e-01
1.239839999999997958e-02 1.290506412472376130e-01
1.243871999999997952e-02 1.290507642415381073e-01
1.247903999999998986e-02 1.290508130935568987e-01
1.251935999999998980e-02 1.290507970118887904e-01
1.255967999999998974e-02 1.290507162200058011e-01
1.259999999999998968e-02 1.290505764243468911e-01
1.264031999999998962e-02 1.290503835837658042e-01
1.268063999999998956e-02 1.290501431872317917e-01
1.272095999999998950e-02 1.290498593632053992e-01
1.276127999999998076e-02 1.290495797186758942e-01
1.280159999999998938e-02 1.290492388212534924e-01
1.284191999999998064e-02 1.290488674758578924e-01
1.288223999999998058e-02 1.290484711374755011e-01
1.292255999999998052e-02 1.290480558486082063e-01
1.296287999999998046e-02 1.290476256477673944e-01
1.300319999999998040e-02 1.290471841795612085e-01
1.304351999999998034e-02 1.290467348277979931e-01
1.308383999999998028e-02 1.290462807405373946e-01
1.312415999999998022e-02 1.290458248268168129e-01
1.316447999999998016e-02 1.290453697494420016e-01
1.320479999999998010e-02 1.290449179178569938e-01
1.324511999999998003e-02 1.290444714637243029e-01
1.328543999999997997e-02 1.290440321453271977e-01
1.332575999999997991e-02 1.290436011001805106e-01
1.336607999999997985e-02 1.290431786826951033e-01
1.340639999999997979e-02 1.290427634972300952e-01
1.344671999999997973e-02 1.290424112970839088e-01
1.348703999999997967e-02 1.290420433106437004e-01
1.352735999999997961e-02 1.290417047994439903e-01
1.356767999999997955e-02 1.290413681502670940e-01
1.360799999999997949e-02 1.290410498703314923e-01
1.364831999999997943e-02 1.290407216980561933e-01
1.368863999999997937e-02 1.290404078275257937e-01
1.372895999999997931e-02 1.290401083609299115e-01
1.376927999999997924e-02 1.290398235499762014e-01
1.380959999999997918e-02 1.290395541746139074e-01
1.384991999999998086e-02 1.290392999737463020e-01
1.389023999999998080e-02 1.290390606460412870e-01
1.393055999999998074e-02 1.290388356834467065e-01
1.397087999999998068e-02 1.290386243960779944e-01
1.401119999999998061e-02 1.290384259953021029e-01
1.405151999999998055e-02 1.290382396436534074e-01
1.409183999999998049e-02 1.290380644747733951e-01
1.413215999999998043e-02 1.290378995999018896e-01
1.417247999999998037e-02 1.290377441103210954e-01
1.421279999999998031e-02 1.290375970793267990e-01
1.425311999999998025e-02 1.290374575647086075e-01
1.429343999999999060e-02 1.290373246118058925e-01
1.433375999999999054e-02 1.290371972569311076e-01
1.437407999999998007e-02 1.290370745309266098e-01
1.441439999999998001e-02 1.290369554626729087e-01
1.445471999999997995e-02 1.290368390824274125e-01
1.449503999999999029e-02 1.290367244249341905e-01
1.453535999999997982e-02 1.290366105322841017e-01
1.457567999999997976e-02 1.290364964565325900e-01
1.461599999999997970e-02 1.290363812620974049e-01
1.465631999999997964e-02 1.290362640279635875e-01
1.469663999999998999e-02 1.290361438497260871e-01
1.473695999999998993e-02 1.290360198414916004e-01
1.477727999999998987e-02 1.290358911376592865e-01
1.481759999999998981e-02 1.290357568945980082e-01
1.485791999999997934e-02 1.290356162922315086e-01
1.489823999999997928e-02 1.290354685355555031e-01
1.493855999999997922e-02 1.290353128560970952e-01
1.497887999999997916e-02 1.290351485133086062e-01
1.501919999999998083e-02 1.290349747958259019e-01
1.505951999999998077e-02 1.290347910224035055e-01
1.509983999999998071e-02 1.290345965422617924e-01
1.514015999999998065e-02 1.290343907348273089e-01
1.518047999999998059e-02 1.290341730103093110e-01
1.522079999999998053e-02 1.290339428170073077e-01
1.526111999999998046e-02 1.290336996701902106e-01
1.530143999999998040e-02 1.290334432226616923e-01
1.534175999999998034e-02 1.290331733536461134e-01
1.538207999999998028e-02 1.290328900683251068e-01
1.542239999999999063e-02 1.290325929242386871e-01
1.546271999999999057e-02 1.290322794450710076e-01
1.550303999999998010e-02 1.290319906314202070e-01
1.554335999999998004e-02 1.290316571061626005e-01
1.558367999999997998e-02 1.290313072355203927e-01
1.562399999999997992e-02 1.290309444058438948e-01
1.566431999999998159e-02 1.290305697084412895e-01
1.570463999999998153e-02 1.290301843142031002e-01
1.574495999999998147e-02 1.290297901447962081e-01
1.578527999999998141e-02 1.290294075640646132e-01
1.582559999999998135e-02 1.290290353193999096e-01
1.586591999999998129e-02 1.290286910951307930e-01
1.590623999999998123e-02 1.290283592596200013e-01
1.594655999999998117e-02 1.290280175709694055e-01
1.598687999999998111e-02 1.290277092641287093e-01
1.602719999999998104e-02 1.290274475449912917e-01
1.606751999999998098e-02 1.290272496437636918e-01
1.610783999999998092e-02 1.290271373183722869e-01
